xe   ye   ze  theta_0   theta_1   theta_2   theta_3
10 6 0 0.000000 2.275138 0.516345 0.000000 
10 8 0 0.000000 2.339269 0.665405 0.000000 
10 10 0 0.000000 2.350720 0.823034 0.000000 
10 12 0 0.000000 2.330953 0.988876 0.000000 
10 14 0 0.000000 2.290062 1.164124 0.000000 
10 16 0 0.000000 2.232662 1.351259 0.000000 
10 18 0 0.000000 2.160121 1.554499 0.000000 
10 20 0 0.000000 2.070982 1.781235 0.000000 
10 20 2 0.197396 2.059570 1.784955 0.000000 
10 18 2 0.197396 2.147758 1.558137 0.000000 
10 16 2 0.197396 2.219053 1.354984 0.000000 
10 14 2 0.197396 2.274849 1.168080 0.000000 
10 12 2 0.197396 2.313676 0.993223 0.000000 
10 10 2 0.197396 2.330764 0.827983 0.000000 
10 8 2 0.197396 2.315847 0.671274 0.000000 
10 6 2 0.197396 2.247509 0.523664 0.000000 
10 6 4 0.380506 2.170848 0.546831 0.000000 
10 8 4 0.380506 2.249539 0.690051 0.000000 
10 10 4 0.380506 2.273619 0.843909 0.000000 
10 12 4 0.380506 2.263847 1.007263 0.000000 
10 14 4 0.380506 2.230755 1.180889 0.000000 
10 16 4 0.380506 2.179452 1.367065 0.000000 
10 18 4 0.380506 2.111664 1.569953 0.000000 
10 20 4 0.380506 2.026127 1.797064 0.000000 
10 20 6 0.540420 1.972703 1.819985 0.000000 
10 18 6 0.540420 2.054423 1.592230 0.000000 
10 16 6 0.540420 2.117085 1.389760 0.000000 
10 14 6 0.540420 2.161851 1.204856 0.000000 
10 12 6 0.540420 2.186758 1.033400 0.000000 
10 10 6 0.540420 2.186465 0.873338 0.000000 
10 8 6 0.540420 2.150627 0.724338 0.000000 
10 6 6 0.540420 2.060616 0.588271 0.000000 
10 6 8 0.674741 1.934117 0.649465 0.000000 
10 8 8 0.674741 2.031801 0.776395 0.000000 
10 10 8 0.674741 2.078552 0.918796 0.000000 
10 12 8 0.674741 2.089333 1.074232 0.000000 
10 14 8 0.674741 2.073475 1.242603 0.000000 
10 16 8 0.674741 2.036155 1.425733 0.000000 
10 18 8 0.674741 1.979369 1.627753 0.000000 
10 20 8 0.674741 1.901880 1.856790 0.000000 
10 20 10 0.785398 1.816079 1.910665 0.000000 
10 18 10 0.785398 1.889778 1.679186 0.000000 
10 16 10 0.785398 1.940863 1.477357 0.000000 
10 14 10 0.785398 1.970970 1.296280 0.000000 
10 12 10 0.785398 1.978409 1.131663 0.000000 
10 10 10 0.785398 1.958662 0.981801 0.000000 
10 8 10 0.785398 1.904150 0.847056 0.000000 
10 6 10 0.785398 1.804181 0.730029 0.000000 
10 6 12 0.876058 1.677408 0.828327 0.000000 
10 8 12 0.876058 1.774999 0.935835 0.000000 
10 10 12 0.876058 1.833430 1.062740 0.000000 
10 12 12 0.876058 1.859534 1.206695 0.000000 
10 14 12 0.876058 1.858822 1.367360 0.000000 
10 16 12 0.876058 1.834750 1.546536 0.000000 
10 18 12 0.876058 1.788330 1.748961 0.000000 
10 20 12 0.876058 1.717057 1.984943 0.000000 
10 20 14 0.950547 1.605433 2.083770 0.000000 
10 18 14 0.950547 1.676754 1.839607 0.000000 
10 16 14 0.950547 1.720322 1.634944 0.000000 
10 14 14 0.950547 1.740206 1.456876 0.000000 
10 12 14 0.950547 1.736439 1.299741 0.000000 
10 10 14 0.950547 1.706848 1.161331 0.000000 
10 8 14 0.950547 1.647901 1.041663 0.000000 
10 6 14 0.950547 1.555722 0.942523 0.000000 
10 6 16 1.012197 1.438516 1.071318 0.000000 
10 8 16 1.012197 1.523693 1.163635 0.000000 
10 10 16 1.012197 1.580591 1.277261 0.000000 
10 12 16 1.012197 1.611031 1.411152 0.000000 
10 14 16 1.012197 1.616846 1.565903 0.000000 
10 16 16 1.012197 1.598830 1.744554 0.000000 
10 18 16 1.012197 1.555487 1.954509 0.000000 
10 20 16 1.012197 1.479931 2.213737 0.000000 
10 20 18 1.063698 1.335279 2.388457 0.000000 
10 18 18 1.063698 1.423062 2.099440 0.000000 
10 16 18 1.063698 1.470034 1.878511 0.000000 
10 14 18 1.063698 1.488990 1.696228 0.000000 
10 12 18 1.063698 1.483612 1.541821 0.000000 
10 10 18 1.063698 1.454603 1.410773 0.000000 
10 8 18 1.063698 1.401558 1.301547 0.000000 
10 6 18 1.063698 1.324057 1.214324 0.000000 
10 6 20 1.107149 1.210091 1.372312 0.000000 
10 8 20 1.107149 1.279680 1.456326 0.000000 
10 10 20 1.107149 1.327528 1.563242 0.000000 
10 12 20 1.107149 1.353034 1.693923 0.000000 
10 14 20 1.107149 1.355272 1.851353 0.000000 
10 16 20 1.107149 1.331635 2.042796 0.000000 
10 18 20 1.107149 1.274371 2.286501 0.000000 
10 20 20 1.107149 1.152252 2.649476 0.000000 
12 6 0 0.000000 2.021588 0.605492 0.000000 
12 6 2 0.165149 2.003004 0.614197 0.000000 
12 6 4 0.321751 1.950579 0.640594 0.000000 
12 6 6 0.463648 1.872658 0.685172 0.000000 
12 6 8 0.588003 1.778953 0.747973 0.000000 
12 6 10 0.694738 1.677408 0.828327 0.000000 
12 6 12 0.785398 1.572979 0.925116 0.000000 
12 6 14 0.862170 1.467950 1.037256 0.000000 
12 6 16 0.927295 1.362767 1.164124 0.000000 
12 6 18 0.982794 1.256729 1.305882 0.000000 
12 6 20 1.030377 1.148329 1.463827 0.000000 
12 8 20 1.030377 1.213614 1.546992 0.000000 
12 8 18 0.982794 1.329567 1.390965 0.000000 
12 8 16 0.927295 1.442916 1.252875 0.000000 
12 8 14 0.862170 1.554996 1.131148 0.000000 
12 8 12 0.785398 1.666066 1.025374 0.000000 
12 8 10 0.694738 1.774999 0.935835 0.000000 
12 8 8 0.588003 1.878775 0.863072 0.000000 
12 8 6 0.463648 1.972088 0.807444 0.000000 
12 8 4 0.321751 2.047582 0.768753 0.000000 
12 8 2 0.165149 2.097209 0.746200 0.000000 
12 8 0 0.000000 2.114569 0.738827 0.000000 
12 10 0 0.000000 2.154096 0.885900 0.000000 
12 10 2 0.165149 2.138395 0.892321 0.000000 
12 10 4 0.321751 2.093090 0.912069 0.000000 
12 10 6 0.463648 2.022973 0.946310 0.000000 
12 10 8 0.588003 1.934356 0.996267 0.000000 
12 10 10 0.694738 1.833430 1.062740 0.000000 
12 10 12 0.785398 1.725117 1.146025 0.000000 
12 10 14 0.862170 1.612612 1.246170 0.000000 
12 10 16 0.927295 1.497437 1.363387 0.000000 
12 10 18 0.982794 1.379684 1.498537 0.000000 
12 10 20 1.030377 1.258171 1.653756 0.000000 
12 12 20 1.030377 1.280905 1.785681 0.000000 
12 12 18 0.982794 1.406871 1.629003 0.000000 
12 12 16 0.927295 1.527169 1.495169 0.000000 
12 12 14 0.862170 1.643066 1.381076 0.000000 
12 12 12 0.785398 1.754376 1.285187 0.000000 
12 12 10 0.694738 1.859534 1.206695 0.000000 
12 12 8 0.588003 1.955574 1.144975 0.000000 
12 12 6 0.463648 2.038266 1.099198 0.000000 
12 12 4 0.321751 2.102590 1.068156 0.000000 
12 12 2 0.165149 2.143638 1.050386 0.000000 
12 12 0 0.000000 2.157771 1.044630 0.000000 
12 14 0 0.000000 2.135712 1.215201 0.000000 
12 14 2 0.165149 2.122921 1.220515 0.000000 
12 14 4 0.321751 2.085589 1.236963 0.000000 
12 14 6 0.463648 2.026538 1.265856 0.000000 
12 14 8 0.588003 1.949612 1.308815 0.000000 
12 14 10 0.694738 1.858822 1.367360 0.000000 
12 14 12 0.785398 1.757645 1.442779 0.000000 
12 14 14 0.862170 1.648594 1.536279 0.000000 
12 14 16 0.927295 1.532980 1.649396 0.000000 
12 14 18 0.982794 1.410750 1.784671 0.000000 
12 14 20 1.030377 1.280099 1.946910 0.000000 
12 16 20 1.030377 1.251666 2.147289 0.000000 
12 16 18 0.982794 1.389579 1.971456 0.000000 
12 16 16 0.927295 1.514700 1.829985 0.000000 
12 16 14 0.862170 1.630346 1.714558 0.000000 
12 16 12 0.785398 1.737290 1.620927 0.000000 
12 16 10 0.694738 1.834750 1.546536 0.000000 
12 16 8 0.588003 1.920806 1.489489 0.000000 
12 16 6 0.463648 1.992716 1.448030 0.000000 
12 16 4 0.321751 2.047314 1.420340 0.000000 
12 16 2 0.165149 2.081570 1.404648 0.000000 
12 16 0 0.000000 2.093262 1.399591 0.000000 
12 18 0 0.000000 2.032424 1.601912 0.000000 
12 18 2 0.165149 2.021598 1.606901 0.000000 
12 18 4 0.321751 1.989772 1.622412 0.000000 
12 18 6 0.463648 1.938699 1.649902 0.000000 
12 18 8 0.588003 1.870744 1.691352 0.000000 
12 18 10 0.694738 1.788330 1.748961 0.000000 
12 18 12 0.785398 1.693452 1.825121 0.000000 
12 18 14 0.862170 1.587250 1.922768 0.000000 
12 18 16 0.927295 1.469510 2.046290 0.000000 
12 18 18 0.982794 1.337653 2.203723 0.000000 
12 18 20 1.030377 1.183498 2.413685 0.000000 
12 20 20 1.030377 1.000781 2.903346 0.000000 
12 20 18 0.982794 1.234486 2.526452 0.000000 
12 20 16 0.927295 1.387222 2.322608 0.000000 
12 20 14 0.862170 1.513312 2.177222 0.000000 
12 20 12 0.785398 1.622344 2.067780 0.000000 
12 20 10 0.694738 1.717057 1.984943 0.000000 
12 20 8 0.588003 1.797660 1.923514 0.000000 
12 20 6 0.463648 1.863109 1.879903 0.000000 
12 20 4 0.321751 1.911752 1.851235 0.000000 
12 20 2 0.165149 1.941841 1.835146 0.000000 
12 20 0 0.000000 1.952038 1.829985 0.000000 
15 6 0 0.000000 1.728779 0.786020 0.000000 
15 8 0 0.000000 1.827808 0.897324 0.000000 
15 10 0 0.000000 1.885086 1.027411 0.000000 
15 12 0 0.000000 1.908932 1.173782 0.000000 
15 14 0 0.000000 1.905714 1.336054 0.000000 
15 16 0 0.000000 1.879359 1.515954 0.000000 
15 18 0 0.000000 1.831204 1.717994 0.000000 
15 20 0 0.000000 1.759167 1.951799 0.000000 
15 20 2 0.132552 1.750227 1.958644 0.000000 
15 18 2 0.132552 1.822068 1.724412 0.000000 
15 16 2 0.132552 1.869825 1.522308 0.000000 
15 14 2 0.132552 1.895660 1.342573 0.000000 
15 12 2 0.132552 1.898304 1.180653 0.000000 
15 10 2 0.132552 1.873928 1.034807 0.000000 
15 8 2 0.132552 1.816349 0.905416 0.000000 
15 6 2 0.132552 1.717583 0.794949 0.000000 
15 6 4 0.260602 1.685226 0.821665 0.000000 
15 8 4 0.260602 1.783073 0.929743 0.000000 
15 10 4 0.260602 1.841367 1.057131 0.000000 
15 12 4 0.260602 1.867156 1.201453 0.000000 
15 14 4 0.260602 1.866084 1.362362 0.000000 
15 16 4 0.260602 1.841682 1.541641 0.000000 
15 18 4 0.260602 1.795014 1.743991 0.000000 
15 20 4 0.260602 1.723648 1.979604 0.000000 
15 20 6 0.380506 1.680062 2.015939 0.000000 
15 18 6 0.380506 1.751006 1.777671 0.000000 
15 16 6 0.380506 1.796201 1.574717 0.000000 
15 14 6 0.380506 1.818596 1.396051 0.000000 
15 12 6 0.380506 1.817497 1.236683 0.000000 
15 10 6 0.380506 1.789874 1.094713 0.000000 
15 8 6 0.380506 1.730921 0.970401 0.000000 
15 6 6 0.380506 1.634934 0.865930 0.000000 
15 6 8 0.489957 1.570796 0.927295 0.000000 
15 8 8 0.489957 1.663771 1.027411 0.000000 
15 10 8 0.489957 1.722812 1.147936 0.000000 
15 12 8 0.489957 1.752116 1.287002 0.000000 
15 14 8 0.489957 1.755451 1.444535 0.000000 
15 16 8 0.489957 1.735157 1.622671 0.000000 
15 18 8 0.489957 1.691356 1.826921 0.000000 
15 20 8 0.489957 1.620226 2.069763 0.000000 
15 20 10 0.588003 1.544608 2.144269 0.000000 
15 18 10 0.588003 1.617368 1.893748 0.000000 
15 16 10 0.588003 1.660435 1.686943 0.000000 
15 14 10 0.588003 1.679069 1.508865 0.000000 
15 12 10 0.588003 1.673971 1.353115 0.000000 
15 10 10 0.588003 1.643648 1.217133 0.000000 
15 8 10 0.588003 1.585458 1.100665 0.000000 
15 6 10 0.588003 1.496651 1.005144 0.000000 
15 6 12 0.674741 1.415400 1.098861 0.000000 
15 8 12 0.674741 1.499071 1.190013 0.000000 
15 10 12 0.674741 1.555322 1.302612 0.000000 
15 12 12 0.674741 1.585647 1.435775 0.000000 
15 14 12 0.674741 1.591576 1.590261 0.000000 
15 16 12 0.674741 1.573616 1.769339 0.000000 
15 18 12 0.674741 1.529909 1.980919 0.000000 
15 20 12 0.674741 1.452739 2.244529 0.000000 
15 20 14 0.750929 1.341855 2.379925 0.000000 
15 18 14 0.750929 1.428863 2.092665 0.000000 
15 16 14 0.750929 1.475580 1.872366 0.000000 
15 14 14 0.750929 1.494431 1.690322 0.000000 
15 12 14 0.750929 1.488984 1.535957 0.000000 
15 10 14 0.750929 1.459873 1.404833 0.000000 
15 8 14 0.750929 1.406638 1.295461 0.000000 
15 6 14 0.750929 1.328810 1.208061 0.000000 
15 6 16 0.817645 1.237578 1.332872 0.000000 
15 8 16 0.817645 1.309082 1.417473 0.000000 
15 10 16 0.817645 1.358291 1.524724 0.000000 
15 12 16 0.817645 1.384829 1.655211 0.000000 
15 14 16 0.817645 1.388097 1.811502 0.000000 
15 16 16 0.817645 1.366017 2.000021 0.000000 
15 18 16 0.817645 1.312129 2.236544 0.000000 
15 20 16 0.817645 1.202388 2.573322 0.000000 
15 20 18 0.876058 0.974070 2.952270 0.000000 
15 18 18 0.876058 1.172723 2.429424 0.000000 
15 16 18 0.876058 1.242495 2.159719 0.000000 
15 14 18 0.876058 1.271595 1.958094 0.000000 
15 12 18 0.876058 1.272809 1.796317 0.000000 
15 10 18 0.876058 1.250425 1.664175 0.000000 
15 8 18 0.876058 1.206255 1.557372 0.000000 
15 6 18 0.876058 1.141450 1.474260 0.000000 
15 6 20 0.927295 1.039206 1.634543 0.000000 
15 8 20 0.927295 1.096856 1.717994 0.000000 
15 10 20 0.927295 1.134757 1.826921 0.000000 
15 12 20 0.927295 1.150836 1.964600 0.000000 
15 14 20 0.927295 1.141458 2.138595 0.000000 
15 16 20 0.927295 1.097671 2.368215 0.000000 
15 18 20 0.927295 0.982502 2.731383 0.000000 
15 20 20 0.927295 0.837981 3.141593 0.000000 
18 6 0 0.000000 1.498606 1.002997 0.000000 
18 6 2 0.110657 1.490819 1.011581 0.000000 
18 6 4 0.218669 1.467950 1.037256 0.000000 
18 6 6 0.321751 1.431331 1.079805 0.000000 
18 6 8 0.418224 1.382758 1.138924 0.000000 
18 6 10 0.507098 1.324057 1.214324 0.000000 
18 6 12 0.588003 1.256729 1.305882 0.000000 
18 6 14 0.661043 1.181723 1.413859 0.000000 
18 6 16 0.726642 1.099288 1.539192 0.000000 
18 6 18 0.785398 1.008805 1.683981 0.000000 
18 6 20 0.837981 0.908419 1.852426 0.000000 
18 8 20 0.837981 0.956551 1.940012 0.000000 
18 8 18 0.785398 1.064301 1.767977 0.000000 
18 8 16 0.726642 1.161152 1.622183 0.000000 
18 8 14 0.661043 1.249335 1.497400 0.000000 
18 8 12 0.588003 1.329567 1.390965 0.000000 
18 8 10 0.507098 1.401558 1.301547 0.000000 
18 8 8 0.418224 1.464257 1.228545 0.000000 
18 8 6 0.321751 1.516043 1.171753 0.000000 
18 8 4 0.218669 1.554996 1.131148 0.000000 
18 8 2 0.110657 1.579273 1.106764 0.000000 
18 8 0 0.000000 1.587530 1.098632 0.000000 
18 10 0 0.000000 1.645755 1.215201 0.000000 
18 10 2 0.110657 1.637357 1.222932 0.000000 
18 10 4 0.218669 1.612612 1.246170 0.000000 
18 10 6 0.321751 1.572748 1.285053 0.000000 
18 10 8 0.418224 1.519474 1.339805 0.000000 
18 10 10 0.507098 1.454603 1.410773 0.000000 
18 10 12 0.588003 1.379684 1.498537 0.000000 
18 10 14 0.661043 1.295712 1.604138 0.000000 
18 10 16 0.726642 1.202860 1.729492 0.000000 
18 10 18 0.785398 1.100119 1.878187 0.000000 
18 10 20 0.837981 0.984486 2.057315 0.000000 
18 12 20 0.837981 0.988127 2.211702 0.000000 
18 12 18 0.785398 1.113847 2.018551 0.000000 
18 12 16 0.726642 1.222909 1.863353 0.000000 
18 12 14 0.661043 1.320024 1.735243 0.000000 
18 12 12 0.588003 1.406871 1.629003 0.000000 
18 12 10 0.507098 1.483612 1.541821 0.000000 
18 12 8 0.418224 1.549486 1.472064 0.000000 
18 12 6 0.321751 1.603162 1.418710 0.000000 
18 12 4 0.218669 1.643066 1.381076 0.000000 
18 12 2 0.110657 1.667718 1.358689 0.000000 
18 12 0 0.000000 1.676063 1.351259 0.000000 
18 14 0 0.000000 1.681127 1.507049 0.000000 
18 14 2 0.110657 1.672915 1.514320 0.000000 
18 14 4 0.218669 1.648594 1.536279 0.000000 
18 14 6 0.321751 1.609023 1.573370 0.000000 
18 14 8 0.418224 1.555404 1.626327 0.000000 
18 14 10 0.507098 1.488990 1.696228 0.000000 
18 14 12 0.588003 1.410750 1.784671 0.000000 
18 14 14 0.661043 1.320996 1.894184 0.000000 
18 14 16 0.726642 1.218843 2.029153 0.000000 
18 14 18 0.785398 1.101058 2.198165 0.000000 
18 14 20 0.837981 0.958298 2.421881 0.000000 
18 16 20 0.837981 0.858172 2.764593 0.000000 
18 16 18 0.785398 1.050240 2.441519 0.000000 
18 16 16 0.726642 1.184916 2.239861 0.000000 
18 16 14 0.661043 1.295402 2.089274 0.000000 
18 16 12 0.588003 1.389579 1.971456 0.000000 
18 16 10 0.507098 1.470034 1.878511 0.000000 
18 16 8 0.418224 1.537322 1.806246 0.000000 
18 16 6 0.321751 1.591036 1.752140 0.000000 
18 16 4 0.218669 1.630346 1.714558 0.000000 
18 16 2 0.110657 1.654372 1.692427 0.000000 
18 16 0 0.000000 1.662461 1.685119 0.000000 
18 18 0 0.000000 1.619389 1.891838 0.000000 
18 18 2 0.110657 1.611315 1.899496 0.000000 
18 18 4 0.218669 1.587250 1.922768 0.000000 
18 18 6 0.321751 1.547597 1.962575 0.000000 
18 18 8 0.418224 1.492812 2.020570 0.000000 
18 18 10 0.507098 1.423062 2.099440 0.000000 
18 18 12 0.588003 1.337653 2.203723 0.000000 
18 18 14 0.661043 1.233804 2.342057 0.000000 
18 18 16 0.726642 1.102668 2.535244 0.000000 
18 18 18 0.785398 0.898079 2.881150 0.000000 
18 18 20 0.837981 0.735127 3.141593 0.000000 
18 20 20 0.837981 0.787722 3.141593 0.000000 
18 20 18 0.785398 0.825531 3.141593 0.000000 
18 20 16 0.726642 0.863892 3.141593 0.000000 
18 20 14 0.661043 1.092839 2.744592 0.000000 
18 20 12 0.588003 1.234486 2.526452 0.000000 
18 20 10 0.507098 1.335279 2.388457 0.000000 
18 20 8 0.418224 1.412738 2.291544 0.000000 
18 20 6 0.321751 1.471575 2.223099 0.000000 
18 20 4 0.218669 1.513312 2.177222 0.000000 
18 20 2 0.110657 1.538345 2.150765 0.000000 
18 20 0 0.000000 1.546697 2.142114 0.000000 
